81.0632944
0.4
100 0
# offset intensity error
# A1 R2a: 13 R2b: 18 dw: 2.7
105 0.52540584946975 0.001
105.30612244898 0.52486990004106 0.001
105.61224489796 0.52408113383082 0.001
105.91836734694 0.52313333019647 0.001
106.22448979592 0.52206935635832 0.001
106.5306122449 0.52090511318924 0.001
106.83673469388 0.51964422322351 0.001
107.14285714286 0.518284321437 0.001
107.44897959184 0.51681966578506 0.001
107.75510204082 0.51524222586564 0.001
108.0612244898 0.51354211131569 0.001
108.36734693878 0.51170768680776 0.001
108.67346938776 0.50972551796942 0.001
108.97959183673 0.50758021011971 0.001
109.28571428571 0.50525416683199 0.001
109.59183673469 0.50272727919384 0.001
109.89795918367 0.49997654627789 0.001
110.20408163265 0.49697561737243 0.001
110.51020408163 0.49369423660102 0.001
110.81632653061 0.49009756493376 0.001
111.12244897959 0.48614535751232 0.001
111.42857142857 0.48179098298106 0.001
111.73469387755 0.47698027114604 0.001
112.04081632653 0.47165014864481 0.001
112.34693877551 0.46572697969333 0.001
112.65306122449 0.45912452717396 0.001
112.95918367347 0.45174153389281 0.001
113.26530612245 0.44345899750423 0.001
113.57142857143 0.43413707374363 0.001
113.87755102041 0.42361135967002 0.001
114.18367346939 0.41168878203112 0.001
114.48979591837 0.39814403744414 0.001
114.79591836735 0.38271661369255 0.001
115.10204081633 0.36510890035932 0.001
115.40816326531 0.34499036518677 0.001
115.71428571429 0.322008930024 0.001
116.02040816327 0.29581849846258 0.001
116.32653061224 0.26613422319318 0.001
116.63265306122 0.23283188790253 0.001
116.9387755102 0.19611171063269 0.001
117.24489795918 0.15674606033249 0.001
117.55102040816 0.11638515270911 0.001
117.85714285714 0.077793074474654 0.001
118.16326530612 0.04467713073155 0.001
118.4693877551 0.020601733238708 0.001
118.77551020408 0.006949373090459 0.001
119.08163265306 0.0015332011380486 0.001
119.38775510204 0.00020087067624306 0.001
119.69387755102 -4.9455097326819e-05 0.001
120 0.00010346237321974 0.001
120.30612244898 -1.6182015798084e-05 0.001
120.61224489796 1.2980675581598e-05 0.001
120.91836734694 3.3809570410519e-05 0.001
121.22448979592 9.1665544944728e-05 0.001
121.5306122449 0.00020681690523014 0.001
121.83673469388 0.00037222370019497 0.001
122.14285714286 0.00058538076003899 0.001
122.44897959184 0.00092983376135996 0.001
122.75510204082 0.0017161055773165 0.001
123.0612244898 0.0039006023185713 0.001
123.36734693878 0.010026946586368 0.001
123.67346938776 0.024811015708793 0.001
123.97959183673 0.052733212560095 0.001
124.28571428571 0.093641592568628 0.001
124.59183673469 0.14232638878395 0.001
124.89795918367 0.1923299167634 0.001
125.20408163265 0.23903341685568 0.001
125.51020408163 0.28023854470053 0.001
125.81632653061 0.31545807181933 0.001
126.12244897959 0.34509405982284 0.001
126.42857142857 0.3698883482104 0.001
126.73469387755 0.39063517628293 0.001
127.04081632653 0.40805799735585 0.001
127.34693877551 0.42277033485605 0.001
127.65306122449 0.43527444359042 0.001
127.95918367347 0.44597458105682 0.001
128.26530612245 0.45519392979915 0.001
128.57142857143 0.46319055260044 0.001
128.87755102041 0.47017092658303 0.001
129.18367346939 0.47630092562655 0.001
129.48979591837 0.48171453204455 0.001
129.79591836735 0.48652064348662 0.001
130.10204081633 0.49080834257354 0.001
130.40816326531 0.4946509681377 0.001
130.71428571429 0.49810927403934 0.001
131.02040816327 0.50123389702557 0.001
131.32653061224 0.5040672958255 0.001
131.63265306122 0.5066452796749 0.001
131.9387755102 0.50899821552732 0.001
132.24489795918 0.51115198427758 0.001
132.55102040816 0.51312874209772 0.001
132.85714285714 0.51494753061551 0.001
133.16326530612 0.51662476859335 0.001
133.4693877551 0.51817464837674 0.001
133.77551020408 0.51960945299163 0.001
134.08163265306 0.52093980406622 0.001
134.38775510204 0.52217484575349 0.001
134.69387755102 0.52332236397598 0.001
135 0.52438883146478 0.001
