121.5949416
0.4
50 0
# offset intensity error
# A1 R2a: 13 R2b: 18 dw: 2.7
109.72602739726 0.54107129289602 0.001
109.93150684932 0.54275774975293 0.001
110.13698630137 0.54232172512587 0.001
110.34246575342 0.54270170047431 0.001
110.54794520548 0.54027867704314 0.001
110.75342465753 0.54226052293879 0.001
110.95890410959 0.5402238777 0.001
111.16438356164 0.54130233433743 0.001
111.3698630137 0.54094890088783 0.001
111.57534246575 0.54100417175339 0.001
111.78082191781 0.53973009053173 0.001
111.98630136986 0.5406551082506 0.001
112.19178082192 0.54185066204912 0.001
112.39726027397 0.53681935295922 0.001
112.60273972603 0.53870710173893 0.001
112.80821917808 0.53602310634902 0.001
113.01369863014 0.53647899157672 0.001
113.21917808219 0.53656209361682 0.001
113.42465753425 0.53553461786127 0.001
113.6301369863 0.53188944031376 0.001
113.83561643836 0.53261419504969 0.001
114.04109589041 0.52987517499685 0.001
114.24657534247 0.52996779514178 0.001
114.45205479452 0.52847564593165 0.001
114.65753424658 0.52562734267344 0.001
114.86301369863 0.52637745186914 0.001
115.06849315068 0.52342366637898 0.001
115.27397260274 0.52035703511274 0.001
115.47945205479 0.51696572678947 0.001
115.68493150685 0.51777196439632 0.001
115.8904109589 0.51183965687217 0.001
116.09589041096 0.50824311492834 0.001
116.30136986301 0.50131062541997 0.001
116.50684931507 0.4964076993158 0.001
116.71232876712 0.4880622075292 0.001
116.91780821918 0.48133350392883 0.001
117.12328767123 0.47068496324892 0.001
117.32876712329 0.45710810267451 0.001
117.53424657534 0.44404105000187 0.001
117.7397260274 0.42522638799047 0.001
117.94520547945 0.39897249863689 0.001
118.15068493151 0.36982479587968 0.001
118.35616438356 0.327432136512 0.001
118.56164383562 0.27868596093488 0.001
118.76712328767 0.21594849651343 0.001
118.97260273973 0.14626866602322 0.001
119.17808219178 0.071530652139013 0.001
119.38356164384 0.022852631775339 0.001
119.58904109589 0.0021815958846116 0.001
119.79452054795 0.0014082777719868 0.001
120 0.00080580010602347 0.001
120.20547945205 -0.0012400872757064 0.001
120.41095890411 -0.00036826182683677 0.001
120.61643835616 0.004239147302581 0.001
120.82191780822 0.014321681612257 0.001
121.02739726027 0.033430383370196 0.001
121.23287671233 0.051615830422536 0.001
121.43835616438 0.065508000536474 0.001
121.64383561644 0.073097494437641 0.001
121.84931506849 0.07381007818082 0.001
122.05479452055 0.063805731287384 0.001
122.2602739726 0.049166268197182 0.001
122.46575342466 0.031149025182309 0.001
122.67123287671 0.020929156510181 0.001
122.87671232877 0.015294685548523 0.001
123.08219178082 0.023547768147834 0.001
123.28767123288 0.054342404261023 0.001
123.49315068493 0.11546777343348 0.001
123.69863013699 0.19709758310464 0.001
123.90410958904 0.27785247513197 0.001
124.1095890411 0.3423627779265 0.001
124.31506849315 0.38965903349378 0.001
124.52054794521 0.42501712231349 0.001
124.72602739726 0.45040104026511 0.001
124.93150684932 0.47034817379051 0.001
125.13698630137 0.48404090363269 0.001
125.34246575342 0.49519807607021 0.001
125.54794520548 0.50339278302821 0.001
125.75342465753 0.50871038076404 0.001
125.95890410959 0.51351683508116 0.001
126.16438356164 0.51673954035456 0.001
126.3698630137 0.52058894805621 0.001
126.57534246575 0.52496419564253 0.001
126.78082191781 0.52811826067727 0.001
126.98630136986 0.52848212318352 0.001
127.19178082192 0.53291914957088 0.001
127.39726027397 0.53149392736891 0.001
127.60273972603 0.53399425948362 0.001
127.80821917808 0.5327564724053 0.001
128.01369863014 0.53544350456734 0.001
128.21917808219 0.53738267484462 0.001
128.42465753425 0.5384320296954 0.001
128.6301369863 0.53814546140278 0.001
128.83561643836 0.53934568963682 0.001
129.04109589041 0.53944428414457 0.001
129.24657534247 0.54064284164821 0.001
129.45205479452 0.54181600308818 0.001
129.65753424658 0.54062432295893 0.001
129.86301369863 0.54131611916428 0.001
130.06849315068 0.54153400248744 0.001
130.27397260274 0.5405469447137 0.001
