301.8
0.4
100.0 0
# offset intensity error
# A1 R2a: 13 R2b: 23 dw: 1.1
45 0.604872203871321 0.001
45.1666666666667 0.611286751030091 0.001
45.3333333333333 0.612109982704063 0.001
45.5 0.612184217654952 0.001
45.6666666666667 0.611959231341404 0.001
45.8333333333333 0.611375870946584 0.001
46 0.610215735664225 0.001
46.1666666666667 0.610689278230504 0.001
46.3333333333333 0.61135548100654 0.001
46.5 0.61135055791211 0.001
46.6666666666667 0.611152703013114 0.001
46.8333333333333 0.61088403977106 0.001
47 0.610575700735178 0.001
47.1666666666667 0.61023677841649 0.001
47.3333333333333 0.609869598846843 0.001
47.5 0.609473868597761 0.001
47.6666666666667 0.60904799746725 0.001
47.8333333333333 0.608589545156736 0.001
48 0.608095332411295 0.001
48.1666666666667 0.607561373757007 0.001
48.3333333333333 0.60698265005601 0.001
48.5 0.606352644208568 0.001
48.6666666666667 0.605662413501205 0.001
48.8333333333333 0.604898603590815 0.001
49 0.604038706497189 0.001
49.1666666666667 0.603037949224371 0.001
49.3333333333333 0.601784813202951 0.001
49.5 0.599893530680115 0.001
49.6666666666667 0.594912729679159 0.001
49.8333333333333 0.459442415831573 0.001
50 0.472250856691437 0.001
50.1666666666667 0.582579613579163 0.001
50.3333333333333 0.590991284375228 0.001
50.5 0.590892115096291 0.001
50.6666666666667 0.589293200981525 0.001
50.8333333333333 0.586746926099977 0.001
51 0.582884536274084 0.001
51.1666666666667 0.580041067765056 0.001
51.3333333333333 0.57894172568202 0.001
51.5 0.576075597964145 0.001
51.6666666666667 0.572081432148611 0.001
51.8333333333333 0.567267040708829 0.001
52 0.561590169530408 0.001
52.1666666666667 0.554897805739081 0.001
52.3333333333333 0.546965446292899 0.001
52.5 0.537491761159726 0.001
52.6666666666667 0.526077410621315 0.001
52.8333333333333 0.512191804273271 0.001
53 0.495126255623135 0.001
53.1666666666667 0.473931158310421 0.001
53.3333333333333 0.44733800347474 0.001
53.5 0.413680250160575 0.001
53.6666666666667 0.370867912199922 0.001
53.8333333333333 0.316583930622422 0.001
54 0.249147837642017 0.001
54.1666666666667 0.170005074899553 0.001
54.3333333333333 0.0888368144219092 0.001
54.5 0.0273184392958635 0.001
54.6666666666667 0.00286785886105747 0.001
54.8333333333333 1.55855507846364e-05 0.001
55 0.000137653979572056 0.001
55.1666666666667 -4.55630780172622e-05 0.001
55.3333333333333 9.63777729862552e-05 0.001
55.5 0.00069313466200012 0.001
55.6666666666667 0.00172225125374554 0.001
55.8333333333333 0.00203276173142224 0.001
56 0.00174326847676237 0.001
56.1666666666667 0.00268833431569065 0.001
56.3333333333333 0.0125831164959008 0.001
56.5 0.0601888835605134 0.001
56.6666666666667 0.156869178574226 0.001
56.8333333333333 0.262441867438636 0.001
57 0.347964763081704 0.001
57.1666666666667 0.410120015772932 0.001
57.3333333333333 0.454239920211006 0.001
57.5 0.485876777842613 0.001
57.6666666666667 0.509065249793284 0.001
57.8333333333333 0.526485522163037 0.001
58 0.539886970982126 0.001
58.1666666666667 0.550421025555408 0.001
58.3333333333333 0.558859353095976 0.001
58.5 0.565729911735294 0.001
58.6666666666667 0.571400916610957 0.001
58.8333333333333 0.576132533126798 0.001
59 0.580107713438228 0.001
59.1666666666667 0.583446758784065 0.001
59.3333333333333 0.5862001350619 0.001
59.5 0.588277850828505 0.001
59.6666666666667 0.589022281840981 0.001
59.8333333333333 0.581968272322701 0.001
60 0.462114497839251 0.001
60.1666666666667 0.445836096655208 0.001
60.3333333333333 0.591420154128875 0.001
60.5 0.597177748308163 0.001
60.6666666666667 0.599325541963302 0.001
60.8333333333333 0.600547346618961 0.001
61 0.601050189960648 0.001
61.1666666666667 0.600569521950742 0.001
61.3333333333333 0.601473935407047 0.001
61.5 0.604343907914455 0.001
61.6666666666667 0.605803341639705 0.001
61.8333333333333 0.606678656125356 0.001
62 0.607359917085854 0.001
62.1666666666667 0.60794759297321 0.001
62.3333333333333 0.608475077289113 0.001
62.5 0.608956880549953 0.001
62.6666666666667 0.609400872755345 0.001
62.8333333333333 0.609812085956033 0.001
63 0.610194101689809 0.001
63.1666666666667 0.610549617944983 0.001
63.3333333333333 0.610880686075047 0.001
63.5 0.611188778204794 0.001
63.6666666666667 0.611474719993451 0.001
63.8333333333333 0.611738440048748 0.001
64 0.611978358131264 0.001
64.1666666666667 0.612189903329851 0.001
64.3333333333333 0.612361586824393 0.001
64.5 0.612462874097069 0.001
64.6666666666667 0.612396878342669 0.001
64.8333333333333 0.61172842876807 0.001
65 0.606091304995292 0.001
