121.5949416
0.4
100 0
# offset(ppm) intensity error
# A1 R2a: 13 R2b: 18 dw: 2.7
115.10670434 0.456391528806 0.001
115.147824472 0.454339252049 0.001
115.188944603 0.452552501962 0.001
115.230064735 0.449193882744 0.001
115.271184866 0.447545340961 0.001
115.312304998 0.446439812103 0.001
115.35342513 0.44549880772 0.001
115.394545261 0.442856652122 0.001
115.435665393 0.440020791139 0.001
115.476785524 0.441268239728 0.001
115.517905656 0.436434337177 0.001
115.559025788 0.435348593773 0.001
115.600145919 0.432948604626 0.001
115.641266051 0.431937590576 0.001
115.682386182 0.429335306841 0.001
115.723506314 0.427523802013 0.001
115.764626446 0.424361619855 0.001
115.805746577 0.422841634773 0.001
115.846866709 0.420556590624 0.001
115.88798684 0.418199309222 0.001
115.929106972 0.414591420217 0.001
115.970227104 0.412910598902 0.001
116.011347235 0.412600682843 0.001
116.052467367 0.408938955926 0.001
116.093587498 0.407219276194 0.001
116.13470763 0.402696521483 0.001
116.175827762 0.39761744882 0.001
116.216947893 0.395873627972 0.001
116.258068025 0.394526064193 0.001
116.299188156 0.389434124048 0.001
116.340308288 0.387850538149 0.001
116.38142842 0.3830019687 0.001
116.422548551 0.379497866687 0.001
116.463668683 0.377731672182 0.001
116.504788814 0.374016811468 0.001
116.545908946 0.369602815698 0.001
116.587029078 0.366040411534 0.001
116.628149209 0.36418291447 0.001
116.669269341 0.359809206448 0.001
116.710389472 0.355177559861 0.001
116.751509604 0.350824251526 0.001
116.792629736 0.346239352396 0.001
116.833749867 0.341995404796 0.001
116.874869999 0.340656316742 0.001
116.91599013 0.333950954383 0.001
116.957110262 0.330435065542 0.001
116.998230393 0.323541297621 0.001
117.039350525 0.318503057923 0.001
117.080470657 0.315035648523 0.001
117.121590788 0.309703084162 0.001
117.16271092 0.305151340727 0.001
117.203831051 0.29947373746 0.001
117.244951183 0.29313741301 0.001
117.286071315 0.286291806335 0.001
117.327191446 0.283100725559 0.001
117.368311578 0.277418690798 0.001
117.409431709 0.271075063237 0.001
117.450551841 0.263115213648 0.001
117.491671973 0.256885979363 0.001
117.532792104 0.251548489241 0.001
117.573912236 0.243434469551 0.001
117.615032367 0.238034201925 0.001
117.656152499 0.230365677823 0.001
117.697272631 0.223978121601 0.001
117.738392762 0.215420159776 0.001
117.779512894 0.209674277205 0.001
117.820633025 0.203204884047 0.001
117.861753157 0.195296364689 0.001
117.902873289 0.188469999042 0.001
117.94399342 0.178534273827 0.001
117.985113552 0.170209676616 0.001
118.026233683 0.163021352538 0.001
118.067353815 0.156599586131 0.001
118.108473947 0.147859256323 0.001
118.149594078 0.13872151867 0.001
118.19071421 0.130408913058 0.001
118.231834341 0.123697493715 0.001
118.272954473 0.114473268809 0.001
118.314074605 0.109297012181 0.001
118.355194736 0.102109268326 0.001
118.396314868 0.093676357754 0.001
118.437434999 0.0843976600587 0.001
118.478555131 0.0787003013769 0.001
118.519675263 0.0715503478974 0.001
118.560795394 0.0636609496456 0.001
118.601915526 0.0577925109763 0.001
118.643035657 0.0495495186527 0.001
118.684155789 0.0451445079148 0.001
118.725275921 0.0403839584857 0.001
118.766396052 0.0344441144537 0.001
118.807516184 0.0297775203211 0.001
118.848636315 0.0258460141088 0.001
118.889756447 0.0212806677217 0.001
118.930876579 0.0183347908509 0.001
118.97199671 0.0137854696108 0.001
119.013116842 0.0123363642726 0.001
119.054236973 0.0096752092994 0.001
119.095357105 0.00861973234523 0.001
119.136477236 0.00660867743609 0.001
119.177597368 0.00597796437896 0.001
119.2187175 0.00535046548319 0.001
119.259837631 0.00360961641319 0.001
119.300957763 0.00302207199689 0.001
119.342077894 -0.000710671031697 0.001
119.383198026 0.001023142038 0.001
119.424318158 0.000187542384144 0.001
119.465438289 0.00100462854429 0.001
119.506558421 -0.000578281962473 0.001
119.547678552 0.00180961575559 0.001
119.588798684 -0.000601931622682 0.001
119.629918816 -0.000226494035551 0.001
119.671038947 -0.000318278072822 0.001
119.712159079 0.00192776616114 0.001
119.75327921 0.00076861454204 0.001
119.794399342 0.00101710809354 0.001
119.835519474 1.5985440892e-05 0.001
119.876639605 0.00164849105834 0.001
119.917759737 -0.000742574475394 0.001
119.958879868 0.000819609393292 0.001
120 0.000160573432189 0.001
120.041120132 -0.000748201994327 0.001
120.082240263 0.00146573934763 0.001
120.123360395 -0.000767958741396 0.001
120.164480526 0.000967361881212 0.001
120.205600658 0.000244658164764 0.001
120.24672079 0.000954011715754 0.001
120.287840921 0.00139218527488 0.001
120.328961053 -0.000343137845442 0.001
120.370081184 -0.000199742521297 0.001
120.411201316 -2.72833104066e-05 0.001
120.452321448 -0.000534376300582 0.001
120.493441579 0.00186423244524 0.001
120.534561711 0.000717316193274 0.001
120.575681842 -0.00113327587187 0.001
120.616801974 0.000567615756274 0.001
120.657922106 0.000677400140232 0.001
120.699042237 -0.000200840175997 0.001
120.740162369 -0.00177610609824 0.001
120.7812825 0.000562477991062 0.001
120.822402632 -6.8538280561e-05 0.001
120.863522764 0.000476736101453 0.001
120.904642895 -0.000293915758054 0.001
120.945763027 -0.0017663314834 0.001
120.986883158 0.00110510863077 0.001
121.02800329 0.00226526112871 0.001
121.069123421 0.00150039716149 0.001
121.110243553 0.00225649281631 0.001
121.151363685 0.000822340717727 0.001
121.192483816 0.000985411765187 0.001
121.233603948 -6.1347630862e-05 0.001
121.274724079 0.00236995948845 0.001
121.315844211 0.00173543404517 0.001
121.356964343 0.0011715419416 0.001
121.398084474 0.00192383368592 0.001
121.439204606 0.0011043868165 0.001
121.480324737 0.00044027708266 0.001
121.521444869 0.00239299283673 0.001
121.562565001 0.00134971302729 0.001
121.603685132 0.0012585561912 0.001
121.644805264 0.000164641181804 0.001
121.685925395 0.00200388721429 0.001
121.727045527 0.00131958186262 0.001
121.768165659 0.00195544824751 0.001
121.80928579 0.00166298377342 0.001
121.850405922 0.00443588976798 0.001
121.891526053 0.00310145678113 0.001
121.932646185 8.83753236859e-05 0.001
121.973766317 0.00155224314546 0.001
122.014886448 0.00337549740045 0.001
122.05600658 0.00181461250673 0.001
122.097126711 0.00304498342981 0.001
122.138246843 0.00296845045375 0.001
122.179366975 0.00246009698043 0.001
122.220487106 0.00232057463031 0.001
122.261607238 0.00276086884941 0.001
122.302727369 0.00229183485845 0.001
122.343847501 0.00143726929649 0.001
122.384967633 0.000223694024513 0.001
122.426087764 0.00122259435772 0.001
122.467207896 0.00271992999091 0.001
122.508328027 0.00176687441965 0.001
122.549448159 0.00197653346514 0.001
122.590568291 0.00232374147991 0.001
122.631688422 0.0010243971302 0.001
122.672808554 0.00158889361076 0.001
122.713928685 0.00342232987392 0.001
122.755048817 0.000645424828098 0.001
122.796168949 0.00172965670132 0.001
122.83728908 0.00240904966423 0.001
122.878409212 0.00172009282349 0.001
122.919529343 0.000929263355129 0.001
122.960649475 0.00233418698029 0.001
123.001769607 0.00377706356904 0.001
123.042889738 0.00204359044371 0.001
123.08400987 0.00647100352368 0.001
123.125130001 0.00482068795754 0.001
123.166250133 0.00647328316325 0.001
123.207370264 0.00789281932971 0.001
123.248490396 0.00983848153817 0.001
123.289610528 0.0089177278958 0.001
123.330730659 0.0112486633309 0.001
123.371850791 0.0151540566639 0.001
123.412970922 0.0170792097358 0.001
123.454091054 0.0237011451607 0.001
123.495211186 0.0261128734638 0.001
123.536331317 0.0284063451811 0.001
123.577451449 0.0341122599482 0.001
123.61857158 0.0403328346414 0.001
123.659691712 0.0452325000196 0.001
123.700811844 0.0524902898611 0.001
123.741931975 0.0589205324611 0.001
123.783052107 0.0647707653734 0.001
123.824172238 0.0733078912451 0.001
123.86529237 0.0806372188875 0.001
123.906412502 0.0901209407954 0.001
123.947532633 0.0989358595967 0.001
123.988652765 0.109177384283 0.001
124.029772896 0.117564153042 0.001
124.070893028 0.127942161874 0.001
124.11201316 0.139029678993 0.001
124.153133291 0.147264223788 0.001
124.194253423 0.158985469683 0.001
124.235373554 0.169203577952 0.001
124.276493686 0.178172700427 0.001
124.317613818 0.189795247591 0.001
124.358733949 0.198307477903 0.001
124.399854081 0.208653215981 0.001
124.440974212 0.218603454486 0.001
124.482094344 0.227679187302 0.001
124.523214476 0.236491962408 0.001
124.564334607 0.246200472541 0.001
124.605454739 0.25407551577 0.001
124.64657487 0.262903253414 0.001
124.687695002 0.272148947622 0.001
124.728815134 0.280826076527 0.001
124.769935265 0.2888161694 0.001
124.811055397 0.297198321056 0.001
124.852175528 0.303187272139 0.001
124.89329566 0.310154502601 0.001
